  0.12641248742428E+78  0.41953988285939E+74  0.36349827255630E+78
 -0.12655015558574E+78  0.43999077339067E+74  0.36349687108216E+78
 -0.12652626887686E+78 -0.15837607508864E+65 -0.20927593194801E-02
  0.20646086425653E+60  0.49039857307708E+56 -0.20927548987664E-02
  0.12652626887686E+78  0.15837607557904E+65 -0.20927576963465E-02
  0.63422075382950E+77 -0.10964144051897E+78 -0.20927722217762E-02
  0.62028071824255E+72 -0.21907405253288E+78 -0.20927599903637E-02
 -0.63421771732050E+77 -0.10964199336293E+78 -0.20927650836510E-02
 -0.18085077601845E+75 -0.10632777792386E+75 -0.20927622988805E-02
  0.18084576497541E+75 -0.10632459629169E+75 -0.20927593447498E-02
  0.23559518644795E+74 -0.36979799019008E+74 -0.20927863868779E-02
  0.21902594944326E+74 -0.24675908137120E+75 -0.20927873643275E-02
 -0.21902603428504E+74 -0.24675907049688E+75 -0.20927629747852E-02
 -0.23559119731283E+74 -0.36979294187235E+74 -0.20927592155680E-02
  0.79680813908056E+66  0.19132427754332E+73 -0.20927565260092E-02
 -0.21902870731222E+74  0.24676598830996E+75 -0.20927752624614E-02
 -0.23560143284238E+74  0.36980880925580E+74 -0.20927940995175E-02
 -0.28423522600178E+68 -0.19131154335950E+73 -0.20927850426771E-02
  0.23559907929418E+74  0.36980281643450E+74 -0.20927585137790E-02
  0.21903277540165E+74  0.24676542900506E+75 -0.20927511688808E-02
  0.32050674455126E+70  0.21907405262122E+78 -0.20927600749140E-02
 -0.63422075382951E+77  0.10964144051897E+78 -0.20927692686124E-02
 -0.18084576497541E+75  0.10632459629169E+75 -0.20927738568804E-02
  0.18084571288211E+75  0.10632456329308E+75 -0.20927661522765E-02
  0.63422078536951E+77  0.10964143477572E+78 -0.20927574206373E-02
  0.16917615760227E+73  0.73673159603045E+77 -0.20674172080793E+78
 -0.63990261075787E+77  0.36873697449622E+77 -0.10347088928276E+78
 -0.18484683579530E+75  0.36328610073023E+74 -0.10245195073444E+75
  0.18482436974138E+75  0.36323296127190E+74 -0.10243856981809E+75
  0.63991142256252E+77  0.36872370944487E+77 -0.10346997057499E+78
  0.18355563404992E+76 -0.74735120146071E+77 -0.10485563696579E+78
 -0.18342154589959E+76 -0.74737792770842E+77 -0.10485449087189E+78
 -0.18477642888582E+76 -0.10633120724178E+76 -0.14923647036796E+76
 -0.23384592596172E+70 -0.80441131945083E+73 -0.11915186059832E+74
  0.18471605916554E+76 -0.10629588264323E+76 -0.14919008747901E+76
  0.71561756659675E+74 -0.18712682568928E+75 -0.10610819625344E+75
 -0.95169874339917E+68 -0.35569953993430E+75 -0.20030724551919E+75
 -0.71574430176390E+74 -0.18717014393754E+75 -0.10612957524966E+75
 -0.10001662588599E+74 -0.92797378331905E+73 -0.70718066832557E+73
  0.10001078143277E+74 -0.92791521974689E+73 -0.70717009206463E+73
 -0.36498414098830E+73  0.12947879614635E+74 -0.82330510723346E+73
 -0.61402024189626E+72 -0.60653932428466E+73 -0.48949270094626E+73
  0.61397256526968E+72 -0.60656282082719E+73 -0.48949091982559E+73
  0.36495140718414E+73  0.12946546975821E+74 -0.82325407788550E+73
  0.50265177373274E+68  0.26603455697221E+74 -0.11915401319821E+74
 -0.12326286813175E+75  0.22602584811533E+76 -0.15862146696819E+76
 -0.12820943328215E+75  0.14511914854984E+75 -0.10279148616104E+75
 -0.73082039956593E+69  0.57112055255899E+73 -0.52395189641228E+73
  0.12820138390931E+75  0.14510716540828E+75 -0.10278308873842E+75
  0.12327851254933E+75  0.22602680165123E+76 -0.15862524338628E+76
 -0.23823930519532E+74  0.89787236589133E+74 -0.25265706298241E+75
 -0.26169997672271E+74  0.14541364889438E+74 -0.41534546831171E+74
 -0.42934461778158E+69  0.15715687333610E+73 -0.51855531736775E+73
  0.26167868064977E+74  0.14539344997953E+74 -0.41528643720207E+74
  0.23829210583388E+74  0.89773247428677E+74 -0.25262464471581E+75
 -0.23327549894754E+69 -0.76022918528890E+74 -0.42734137614919E+75
 -0.76378192032215E+74 -0.40065748310162E+74 -0.22547997384698E+75
 -0.10561519363585E+74 -0.22746845367741E+73 -0.13421430149489E+74
  0.10559739196108E+74 -0.22741749229125E+73 -0.13419114303123E+74
  0.76393544592235E+74 -0.40065618189239E+74 -0.22550216056875E+75
  0.70645622710516E+73 -0.35630061640827E+74 -0.50786205695230E+74
 -0.70623792054295E+73 -0.35621389215177E+74 -0.50776699779029E+74
 -0.82291884581501E+73 -0.87905429564266E+73 -0.13446729384560E+74
 -0.29666644456485E+69 -0.13463126064074E+73 -0.32000743169287E+73
  0.82293990945558E+73 -0.87903092902254E+73 -0.13445945410325E+74
  0.67842932896022E+72 -0.23146524841400E+73 -0.41671361266820E+73
  0.39996126322800E+68 -0.48458088438101E+73 -0.51851602040686E+73
 -0.67851871777097E+72 -0.23150384182727E+73 -0.41672473806194E+73
 -0.18695570165428E+72  0.14542413401037E+73 -0.31747173122232E+73
  0.18690453773666E+72  0.14545938828836E+73 -0.31748164528280E+73
 -0.53507702742467E+73  0.11813561340270E+74 -0.14439900207397E+74
 -0.18528658572003E+73  0.16375231123735E+73 -0.35906086398669E+73
  0.18526644063934E+73  0.16373130013756E+73 -0.35903890833132E+73
  0.53508008629004E+73  0.11812586305069E+74 -0.14438844592696E+74
  0.21727519933796E+69  0.20354473321095E+74 -0.23696300642263E+74
  0.41434094778742E+77 -0.23910687602937E+77  0.16594453236677E+77
  0.86602837584878E+73  0.49592111746527E+77 -0.35288928752233E+77
  0.54924808547663E+74 -0.47781435902638E+77  0.33161160702108E+77
 -0.42973385307574E+77  0.24799445490202E+77 -0.17646890315244E+77
 -0.41379181381603E+77 -0.23882082104602E+77  0.16574600535576E+77
 -0.29257616802012E+74  0.57613597898042E+73 -0.41309352830322E+73
 -0.29394743290732E+74 -0.57884360205516E+73  0.40477679090673E+73
  0.29255836892400E+74  0.57609857752721E+73 -0.41306691959171E+73
  0.29383130548363E+74 -0.57859957371084E+73  0.40460746837311E+73
  0.42982043842408E+77  0.24803948312314E+77 -0.17650094446054E+77
  0.20386891770597E+74 -0.23069112930716E+74  0.40574627387525E+73
  0.46296618118599E+75 -0.49864400599441E+77 -0.17741092620612E+77
  0.19613399455930E+74 -0.56175651476483E+75  0.97509732326273E+74
 -0.46214829309001E+75 -0.49864425324639E+77 -0.17741101417448E+77
 -0.19587440437642E+74 -0.56176301933794E+75  0.97510860213200E+74
 -0.46457629287344E+75 -0.26769810500308E+75 -0.95278248982118E+74
 -0.20391411369067E+74 -0.23075718797748E+74  0.40586075244682E+73
 -0.77188641870141E+68 -0.12536960351192E+73 -0.48337396516667E+72
 -0.16162409731423E+69 -0.91075681644639E+72  0.22356499021636E+72
  0.46453800036741E+75 -0.26767335593579E+75 -0.95269443700481E+74
  0.10415110974233E+72  0.97109010301061E+72  0.21217717954615E+72
  0.11285606071538E+74 -0.29575255576952E+74 -0.42695546371576E+73
  0.56222685525091E+72 -0.19892406650700E+73  0.33655222602531E+72
 -0.20331790166713E+68 -0.56314086561340E+74 -0.80558315097888E+73
  0.25504248440246E+68 -0.40991190415305E+73  0.47234493995929E+72
 -0.11285663626199E+74 -0.29575919651670E+74 -0.42696487862533E+73
 -0.56223391311087E+72 -0.19894880023689E+73  0.33656692314944E+72
 -0.15428319580634E+73 -0.14185657242094E+73 -0.29715465517817E+72
 -0.10416976863270E+72  0.97099266897792E+72  0.21217893028246E+72
  0.15427881412859E+73 -0.14185191070654E+73 -0.29714827786833E+72
 -0.13570037853549E+69  0.56577065305470E+74  0.78941987778923E+73
 -0.56115355650089E+72  0.19853769933961E+73 -0.34448893631603E+72
 -0.11334835183909E+74  0.29712384138912E+74  0.41836019556089E+73
 -0.10405517893294E+72 -0.96929478364395E+72 -0.21724432551229E+72
 -0.15462737533763E+73  0.14218254446739E+73  0.29036653059970E+72
  0.10405215126252E+72 -0.96930976235308E+72 -0.21724402867553E+72
  0.15459851564861E+73  0.14215188298290E+73  0.29032556745748E+72
  0.56115252433852E+72  0.19853387365795E+73 -0.34448657035628E+72
  0.11334454407976E+74  0.29708000343052E+74  0.41829956539058E+73
  0.40193296635375E+67  0.40908486829672E+73 -0.48338037832398E+72
  0.46960817448489E+75  0.48017725843333E+77  0.16664215551157E+77
 -0.19511907924171E+74  0.55665575733799E+75 -0.99064705054010E+74
 -0.46448190482583E+75  0.48017889090744E+77  0.16664272204638E+77
 -0.20301683484329E+74  0.22971852744480E+74 -0.41425871025504E+73
 -0.46917568556967E+75  0.27034963088034E+75  0.93856907666433E+74
 -0.25022961138511E+68  0.90924957714838E+72 -0.22889589581574E+72
 -0.50508598196542E+69  0.12562179999246E+73  0.47238586804617E+72
  0.20300986665542E+74  0.22970834075223E+74 -0.41424061053459E+73
  0.46892279267245E+75  0.27018622731764E+75  0.93800200275888E+74
  0.19515893667720E+74  0.55665475433095E+75 -0.99064526738657E+74
  0.49056160243834E+75 -0.58974824080295E+72 -0.41026325391026E+77
 -0.19801601838267E+74  0.28685963113514E+75 -0.50576340228826E+75
 -0.48960935762400E+75 -0.11794976976376E+73 -0.41026367464592E+77
 -0.20622283736050E+74  0.11706627603150E+74 -0.20775653812873E+74
 -0.49266588861414E+75 -0.32010831222419E+64 -0.29633992135585E+75
 -0.37934584311471E+68  0.53073317574277E+72 -0.10825529497278E+73
 -0.15754913935864E+69 -0.38556791108092E+68 -0.14270840042742E+73
  0.20622604434871E+74  0.11706354701043E+74 -0.20775437634627E+74
  0.49254936722964E+75 -0.42578835753823E+70 -0.29627497567580E+75
  0.19827112194826E+74  0.28690497565920E+75 -0.50585742311363E+75
  0.25048666918467E+75 -0.42783638597727E+75 -0.29772545992427E+75
 -0.15936834645391E+71 -0.27534333988460E+75 -0.97075568367829E+75
  0.34087190220797E+68 -0.84967758699238E+75 -0.59117849495783E+75
 -0.24382569002611E+75 -0.13878639302450E+75 -0.48936543461062E+75
 -0.25052779539548E+75 -0.42792811404052E+75 -0.29778591401691E+75
 -0.51720074174286E+73 -0.10697720057743E+73 -0.38966592219678E+73
 -0.52130506881145E+73 -0.31836111335226E+73 -0.23403808748309E+73
  0.51703127537861E+73 -0.10694539244769E+73 -0.38955743801291E+73
  0.52125762864645E+73 -0.31833350890764E+73 -0.23402538373137E+73
  0.24370272661374E+75 -0.13871440780136E+75 -0.48912789133634E+75
  0.11650212369364E+73 -0.16701479315363E+73 -0.90144557449315E+72
  0.34545458643687E+73 -0.26854890154912E+74 -0.23824794849030E+74
  0.10144876983735E+73 -0.77762461875994E+73 -0.28657874620241E+73
 -0.34536835311951E+73 -0.26854680999877E+74 -0.23823125524919E+74
 -0.10144871120431E+73 -0.77765760632588E+73 -0.28659129876434E+73
 -0.38285980237007E+73 -0.41929762233547E+73 -0.39076814834578E+73
 -0.11650574150339E+73 -0.16702627257006E+73 -0.90146809467889E+72
 -0.35513105312657E+68 -0.43116629590295E+72 -0.62716378517176E+72
 -0.39952879565659E+67  0.17387962233272E+72 -0.37592632388571E+72
  0.38277886292666E+73 -0.41919922233195E+73 -0.39071834146095E+73
 -0.10145214116429E+73  0.77765180307791E+73 -0.28658941686046E+73
  0.23027967684128E+72 -0.79728890616692E+72 -0.84361574256395E+72
 -0.11651128431960E+73  0.16703319275226E+73 -0.90153970116512E+72
  0.74773417902699E+67 -0.16606174435298E+73 -0.10825033251252E+73
 -0.12255610162774E+68 -0.17387843327622E+72 -0.37593035358554E+72
 -0.23029395190183E+72 -0.79740254449088E+72 -0.84364790511035E+72
  0.11650852203502E+73  0.16702701482290E+73 -0.90149592213063E+72
 -0.57285028028627E+71  0.46423609162216E+72 -0.61592930289726E+72
  0.10145891052265E+73  0.77765909295696E+73 -0.28659795073916E+73
  0.57270173830628E+71  0.46427250430522E+72 -0.61593932164686E+72
 -0.99827583271922E+70  0.84975050123355E+75 -0.59122255875670E+75
 -0.23493101796564E+73  0.55454963030228E+73 -0.41353689107051E+73
 -0.25052820617245E+75  0.42790369898307E+75 -0.29777190728307E+75
 -0.63265769115913E+72  0.56503652365350E+72 -0.72827132893918E+72
 -0.52136537381714E+73  0.31839765116272E+73 -0.23406451300666E+73
  0.63262071296353E+72  0.56499978398932E+72 -0.72825538283869E+72
  0.52128652144727E+73  0.31834970848120E+73 -0.23403393290242E+73
  0.23490207441117E+73  0.55444152720637E+73 -0.41346950716357E+73
  0.25049034331443E+75  0.42783840158705E+75 -0.29773467986529E+75
  0.26283650642203E+68  0.99601842358005E+73 -0.71878114096096E+73
 -0.96488212220998E+68  0.12339699095991E+74 -0.60668349997335E+74
 -0.89281305318513E+72  0.11664573783169E+73 -0.26418028620126E+73
 -0.12336334478820E+74  0.64950848045632E+73 -0.31992177613867E+74
 -0.32904185443906E+72  0.22220339627470E+72 -0.68222029205640E+72
 -0.16464289644307E+73  0.36356221207955E+72 -0.19263186139374E+73
  0.32896179766376E+72  0.22216515101369E+72 -0.68212869558864E+72
  0.16459407529203E+73  0.36348392887406E+72 -0.19258556316241E+73
  0.89276115117991E+72  0.11663244451095E+73 -0.26414777929760E+73
  0.12333085360096E+74  0.64928550221875E+73 -0.31981655469531E+74
  0.20029279674634E+68  0.19531732225481E+73 -0.42900216820219E+73
  0.36323265966188E+73 -0.14436818085161E+74 -0.35550971301110E+74
 -0.11275679036917E+73 -0.31885735749782E+69 -0.90482139629211E+73
 -0.36331104187161E+73 -0.14440335984243E+74 -0.35554909783319E+74
 -0.13385477477166E+73 -0.11153346606087E+69 -0.24711227240391E+73
 -0.40244365521524E+73 -0.22337858860206E+73 -0.56372604460895E+73
 -0.54046698423360E+68 -0.18091448912337E+68 -0.65453426847628E+72
 -0.18567304280748E+69 -0.27239656941999E+72 -0.83357044188712E+72
  0.13391148273420E+73 -0.33469378040291E+68 -0.24717522631400E+73
  0.40234821226767E+73 -0.22328536695303E+73 -0.56356638670990E+73
  0.11277407487951E+73 -0.10629230011990E+69 -0.90488108012180E+73
  0.85677817864798E+72 -0.18585195622242E+73 -0.20672485387048E+73
 -0.11460093138447E+68 -0.19536446103009E+73 -0.42907534436929E+73
  0.35443235728511E+68 -0.31744924265881E+73 -0.33010061579759E+73
 -0.89156362251217E+72 -0.11647212317870E+73 -0.26385707134465E+73
 -0.85693275889733E+72 -0.18588417936330E+73 -0.20676814433202E+73
 -0.32885675728240E+72 -0.22209388372810E+72 -0.68201659594398E+72
 -0.31392243118180E+72 -0.27133114847213E+72 -0.60421083561808E+72
  0.32891756920659E+72 -0.22214304038697E+72 -0.68207852892904E+72
  0.31385994704730E+72 -0.27126714301169E+72 -0.60415533597704E+72
  0.89281840340043E+72 -0.11664817272802E+73 -0.26415704754050E+73
 -0.11271871263098E+72  0.38747908496513E+72 -0.69222386295793E+72
  0.10586092022831E+72 -0.56325163975604E+72 -0.82410850563432E+72
 -0.34715896279795E+71 -0.25212370681522E+72 -0.55028023829986E+72
 -0.10584965480709E+72 -0.56319572530632E+72 -0.82407819979179E+72
  0.34706737320083E+71 -0.25217148665843E+72 -0.55028477425845E+72
 -0.13373466255075E+72 -0.16718392663564E+72 -0.51253968492428E+72
  0.11267296318821E+72  0.38736427326279E+72 -0.69217862867709E+72
 -0.76510356186726E+67  0.32237245865351E+71 -0.37064302206171E+72
  0.80591423361139E+67  0.81499061779746E+72 -0.83360589659872E+72
  0.13376279991288E+72 -0.16719080614243E+72 -0.51258340264530E+72
 -0.11032820373047E+73  0.54584447324984E+73 -0.68710531096391E+73
 -0.13379847606987E+72  0.16726471130355E+72 -0.51263846477741E+72
 -0.13042724089969E+73  0.13799714334629E+73 -0.19255467997883E+73
 -0.51286863687611E+67 -0.32239060060259E+71 -0.37066066711141E+72
 -0.42034425982206E+68  0.23217147314261E+72 -0.54976279464321E+72
  0.13377886292063E+72  0.16722582422337E+72 -0.51260759548340E+72
  0.13042503109272E+73  0.13798496506234E+73 -0.19254364238175E+73
  0.10586592166941E+72  0.56320825179975E+72 -0.82408562823648E+72
  0.11033372998235E+73  0.54578194020016E+73 -0.68704786884816E+73
 -0.10585123272221E+72  0.56326359323978E+72 -0.82413677788581E+72
